2.933042287826538,200
2.9409666061401367,200
2.9439585208892822,200
2.9449548721313477,200
2.9499430656433105,200
2.9529335498809814,200
2.9549295902252197,200
2.95991587638855,200
3.0127742290496826,200
3.0852832794189453,200
2.0045013427734375,200
2.006495952606201,200
2.114152431488037,200
2.361600875854492,200



2.0961921215057373,200
2.561357021331787,200
2.6274616718292236,200
3.0933892726898193,200
3.1546812057495117,200
3.1718735694885254,200
3.3040401935577393,200
4.161749362945557,200
4.542188405990601,200
9.681636095046997,200
